Classification report for Google preditcion API

	       precision    recall  f1-score   support

          1       0.50      0.84      0.62       156
          2       0.00      0.00      0.00       136
          3       0.78      0.38      0.51       142
          4       0.66      0.46      0.54       167
          5       0.00      0.00      0.00       152
          6       0.78      0.12      0.20       153
          7       0.00      0.00      0.00       164
          8       0.00      0.00      0.00       151
          9       1.00      0.03      0.06       165
         10       0.17      0.95      0.30       148
         11       0.00      0.00      0.00       146
         12       1.00      0.18      0.31       157
         13       0.84      0.83      0.84       144
         14       0.53      0.84      0.65       166
         15       0.50      0.02      0.04       139
         16       1.00      0.27      0.43       168
         17       0.00      0.00      0.00       168
         18       0.00      0.00      0.00       161
         19       0.32      0.04      0.07       161
         20       0.23      0.67      0.35       151
         21       0.38      0.95      0.55       167
         22       0.00      0.00      0.00       136
         23       0.92      0.83      0.88       139
         24       0.80      0.05      0.09       159
         25       0.21      0.94      0.34       145
         26       0.24      0.87      0.37       158

avg / total       0.42      0.36      0.27      3999

Classification Report for SVM (scikit-learn)

             precision    recall  f1-score   support

          1       0.99      0.99      0.99       156
          2       0.95      0.99      0.97       136
          3       0.98      0.98      0.98       142
          4       0.96      0.99      0.97       167
          5       0.97      0.95      0.96       152
          6       0.99      0.97      0.98       153
          7       0.98      0.99      0.98       164
          8       0.94      0.91      0.92       151
          9       0.97      0.98      0.98       165
         10       0.97      0.96      0.97       148
         11       0.96      0.96      0.96       146
         12       0.99      0.97      0.98       157
         13       0.97      0.99      0.98       144
         14       0.99      0.98      0.98       166
         15       0.98      0.99      0.98       139
         16       0.99      0.97      0.98       168
         17       0.99      0.98      0.99       168
         18       0.96      0.99      0.98       161
         19       0.99      1.00      1.00       161
         20       1.00      0.98      0.99       151
         21       0.99      1.00      1.00       167
         22       0.97      0.99      0.98       136
         23       1.00      0.99      0.99       139
         24       0.98      0.98      0.98       159
         25       0.98      0.98      0.98       145
         26       0.98      0.99      0.99       158

avg / total       0.98      0.98      0.98      3999
